735595.4547883244 2.0637835356817007e-6
733006.3194934847 7.028394641581767e-7
730417.228810517 4.293593345664466e-5
727828.1827382231 1.6623686209756457e-5
725239.1812757376 5.954861991650385e-5
722650.2244215296 4.949799106701324e-5
720061.3121746668 4.086171144949027e-5
717472.4445338848 1.991100272140315e-5
714883.6214980517 5.597444331972536e-5
712294.8430661692 6.617356351850949e-5
709706.1092369058 0.00010813000138779577
707117.4200091299 5.729050654642446e-5
704528.775381843 0.00010210775089360609
701940.1753537137 0.00017241039367071247
699351.6199236105 0.00019106368278460405
696763.1090904681 0.0002609465289310041
694174.642853022 0.00037404945093451715
691586.2212102734 0.0004867245062903851
688997.8441608913 0.0005977939500235376
686409.5117038768 0.0007668185165297987
683821.2238380319 0.0009612657771292862
681232.9805622249 0.0010941432277821288
678644.7818751911 0.001177218887445022
676056.6277757988 0.001205497814491284
673468.5182630495 0.001235302990691277
670880.4533356118 0.0012304644840554506
668292.4329924873 0.0012449159037096955
665704.4572324111 0.001257559520616197
663116.5260542517 0.00125324195621844
660528.639456944 0.0012680913666692363
657940.797439223 0.0012854919564029967
655353.0000000239 0.0013082060057159589
652765.2471380817 0.001321549334566732
650177.5388523316 0.0013417617836129082
647589.8751416416 0.0013887551848699256
645002.2560047472 0.001421119165096033
642414.6814407164 0.001453420671294312
639827.1514480846 0.0014908099099787862
637239.6660259865 0.0014543007285584642
634652.2251730908 0.0013618409504031527
632064.8288883325 0.001217105020421244
629477.4771705131 0.001035756485937811
626890.1700185678 0.0008586830252325941
624302.9074312983 0.0007010188896762434
621715.6894075063 0.0005764907113131872
619128.5159459937 0.00044802752732492617
616541.3870457619 0.0003508363639660945
613954.3027055463 0.0002609253812065322
611367.2629242816 0.0002280332897863337
608780.2677007032 0.0001789335789071178
606193.3170337459 0.00011730058660912921
603606.4109222781 0.00010145115585821174
601019.5493651016 8.360165290137507e-5
598432.7323610848 5.9215617381505234e-5
595845.9599090293 5.3590057136407605e-5
593259.2320078037 1.4168305651692645e-5
590672.5486563428 2.2637786869420272e-5
588085.9098533818 4.224317265223058e-5

