683999.8935386643 -1.6347373750321226e-6
681411.9366847659 -3.353061326682508e-6
678824.0244099217 -6.320788310953045e-6
676236.156712734 -1.0072828421317196e-5
673648.3335923373 3.056298608317651e-6
671060.5550474003 -7.005929670794898e-7
668472.8210767913 7.357284926341854e-7
665885.1316794453 6.8398670918950145e-6
663297.4868539644 2.5949000785885305e-5
660709.8865996163 3.265491278954357e-5
658122.3309148699 4.246322734933309e-5
655534.8197987268 6.103038923088811e-5
652947.3532499888 7.93323883105813e-5
650359.9312675906 0.00010193419225081728
647772.5538503344 0.00014048373607848547
645185.2209969551 0.00015615284108448803
642597.9327065872 0.00018319606106387919
640010.6889777667 0.00020075449857050347
637423.4898094947 0.00020343451144483134
634836.3352005731 0.0002252577123199628
632249.2251500033 0.00023609586021548526
629662.1596563876 0.0002482507238597863
627075.1387186608 0.00024600803816262235
624488.1623358245 0.0002675112356302062
621901.2305064806 0.00026250383943785726
619314.3432297637 0.0002660181097165359
616727.500504276 0.0002802637253318724
614140.7023289525 0.0002858744658261573
611553.948702728 0.00028905415862579513
608967.2396242713 0.0002990105402247799
606380.5750926503 0.00030642572597701313
603793.9551064005 0.0003037014758486433
601207.3796647232 0.0003177934019144145
598620.8487662205 0.00032646634117238584
596034.3624099604 0.00033001267007874463
593447.9205945448 0.0003343739465322199
590861.5233190422 0.0003354861249239513
588275.1705820543 0.0003246478011088678
585688.8623827159 0.00033156903938360405
583102.5987197623 0.00032685505996906555
580516.379591862 0.00032356965560271405
577930.2049981495 0.00029582828839993164
575344.0749372938 0.00030287539658048934
572757.9894082296 0.0002913695199552707
570171.9484097586 0.0003022589495179629
567585.9519407494 0.0003051619164776725
565000.0000000703 0.0003036521539171759
562414.0925864563 0.0003039405756661171
559828.2296989758 0.0003142254496217211
557242.4113362972 0.000315527836842257
554656.6374973555 0.0003292854845259543
552070.9081809524 0.0003356539480036342
549485.2233859565 0.00034492550883579755
546899.583111236 0.00035006343288309906
544313.9873555925 0.00036153847283161117
541728.4361179613 0.00037211134036243014
539142.9293970774 0.0003675070741823458
536557.4671919423 0.0003695877854073078
533972.0495011581 0.00035379226017871274
531386.676323926 0.00032893081263691686
528801.3476587815 0.00032899968073849385
526216.0635047926 0.0003233291300174017
523630.82386062824 0.0003036698549380716
521045.628725223 0.00029159903113512467
518460.47809757857 0.00028900737891210626
515875.3719762304 0.0002968661346779237
513290.3103603131 0.0002876664454615252
510705.2932484954 0.0002675361028617391
508120.3206397121 0.0002720742715188967
505535.39253276505 0.00028740268959106754
502950.5089265892 0.00027975708453628753
500365.6698199864 0.00028559982629106903
497780.87521175825 0.00028371478315189616
495196.1251008398 0.00028823743261446226
492611.41948603286 0.0002928658302287232
490026.75836620573 0.0003032164761299442
487442.1417402268 0.00030207958061860725
484857.5696068978 0.0003098251880920609
482273.0419650872 0.00031961971304681955
479688.55881366326 0.00030378038529558474
477104.1201513612 0.00031077498983794185
474519.7259772491 0.0003024521846073977
471935.3762900622 0.000300870056002824
469351.07108873536 0.0003139898738945326
466766.81037193735 0.00030169656386684884
464182.594138603 0.00029481050420008777
461598.4223877338 0.00028841695902502947
459014.29511799844 0.0002684821570812315
456430.2123281987 0.00023562106820217244
453846.1740174027 0.00020969002816183607
451262.1801842789 0.00018454611162433383
448678.23082782904 0.00016864319651503453
446094.3259467882 0.0001133444468419443
443510.4655400913 8.688466133097313e-5
440926.649606407 6.315584958246593e-5
438342.87814486993 4.3856278199647504e-5
435759.15115408227 2.8799616624315946e-5
433175.4686330453 1.169405454857797e-5
430591.83058062766 -9.91886559123665e-7
428008.2369954978 -4.639128706254697e-6

