783746.1123283257 -5.364294336244629e-5
778566.0611058975 -9.071810561845432e-6
773386.1884238187 5.414019826749204e-5
768206.4942725702 6.110386707156421e-5
763026.9786430988 6.341837205141014e-5
757847.6415262183 0.00015225648042072526
752668.4829125425 0.0001732116149926966
747489.5027929519 0.00029804887321307756
742310.7011581935 0.0004030954623132658
737132.0779990811 0.0005507193426961969
731953.6333062953 0.0006946206396210879
726775.3670706496 0.0007036492693112807
721597.2792830247 0.0006594759056224206
716419.3699339676 0.0005636501145754385
711241.6390144255 0.0005827397355631868
706064.0865152118 0.0005607846003756829
700886.7124270073 0.0005194244492568011
695709.516740559 0.0005293911048524735
690532.4994467474 0.0004728062389318808
685355.6605363194 0.0004478095443686546
680179.0000000222 0.00046951223847620206
675002.5178286696 0.000484312624003743
669826.2140130088 0.00046556585373840845
664650.0885438534 0.0005047221476131596
659474.141412017 0.0004959471863385664
654298.3726081804 0.0004966515211194608
649122.7821232238 0.0004534542359376481
643947.3699479608 0.00042276541383011386
638772.1360730722 0.00044971912020259094
633597.0804893716 0.0004071731890149861
628422.2031876061 0.00040428494972431984
623247.5041587225 0.00038089943269456174
618072.983393335 0.00043394424736718936
612898.6408823903 0.0004288362662157309
607724.4766165025 0.0004454578394001604
602550.4905865517 0.00047514916270220887
597376.682783352 0.0004938563792819669
592203.0531977166 0.000403692716157116
587029.6018202599 0.0004310490565519796
581856.3286420618 0.00045651390428840075
576683.2336536696 0.0004728143674039216
571510.3168459637 0.00047610947875125886
566337.5782097578 0.00045435891126391744
561165.0177357991 0.0004554469026710765
555992.6354149012 0.00048529513154988563
550820.4312379444 0.0004988525548170235
545648.4051956093 0.00048782832825782185
540476.5572787763 0.0005012105414969953
535304.8874781257 0.0005009520397335092
530133.3957846047 0.0005145453625130076
524962.0821888936 0.000501789372115135
519790.94668187277 0.0005026214162049336
514619.9892543559 0.000499718317327936
509449.2098970236 0.0005427662151023778
504278.6086007562 0.0005815621859801216
499108.1853563673 0.0005472814526859918
493937.94015467074 0.0006010505948350871
488767.8729864801 0.0005841063399442792
483597.98384247604 0.0006220026001567914
478428.2727136054 0.0005581934216441024
473258.73959061527 0.0005947252562442452
468089.38446431945 0.000550150862400565
462920.2073255316 0.0005450721270635361
457751.20816506544 0.0005407656045845917
452582.3869736681 0.0005679606231689382
447413.74374221993 0.0005790594067148497
442245.2784616011 0.0005198623173618964
437076.9911224257 0.0005093904665769938
431908.881715574 0.0005549408175014066
426740.9502319929 0.000564560921933038
421573.1966623628 0.0005485870368491214
416405.620997431 0.0006010712589594794
411238.22322827746 0.0006506767796312658
406071.00334544963 0.0006769494707192013
400903.96133976115 0.0007453673349646237
395737.09720222553 0.0007860957745870689
390570.41092358984 0.0008132371314689677
385403.9024945347 0.0007948719578783829
380237.5719060735 0.0006964238795374508
375071.4191489534 0.0005951503952072337
369905.44421385496 0.00048192020247089015
364739.6470917917 0.00030540907099309734
359574.0277735106 0.00019792372925679766
354408.5862497589 0.00012507116695646838
349243.3225114834 5.595397984955731e-5
344078.23654936475 9.136881774626201e-6
338913.3283544163 -4.333170384615552e-6

