106053.33984000002 1.3258491103833814e-5
100900.67284800002 1.483733809464187e-5
95748.00585600002 -8.024847777744282e-6
90595.33886400002 2.6675549851334143e-5
85442.671872 6.804192899312198e-5
80290.00488000001 0.0001420872993606985
75137.33788800001 0.00023067311354652673
69984.67089600001 0.0003131165027135461
64832.00390400001 0.0003532843293062685
59679.33691200001 0.00034825706811742884
54526.66992000001 0.0003538160995136573
49374.00292800001 0.0003642849838693757
44221.335936 0.00036691673778473766
39068.668944000005 0.00037804681138323544
33916.001952000006 0.0003901354479579222
28763.334960000007 0.00038553723326397214
23610.66796800001 0.00036767168509393733
18458.00097600001 0.00034447492294663025
13305.333984000012 0.00032944964144713043
8152.666992000013 0.0003254203509789638
3000.0 0.0004129284603848659
-2152.6669919999986 0.0002572479253580912
-7305.333983999997 0.0004533964212889747
-12458.000975999996 0.00034999534251436255
-17610.667967999994 0.0003763665769736563
-22763.334960000007 0.00038376087262101345
-27916.00195199999 0.0003998729417810308
-33068.668944000005 0.0003966112065265004
-38221.33593599999 0.0003963045024358554
-43374.002928 0.00038964474920230347
-48526.669919999986 0.0003959032926893989
-53679.336912 0.00037631376402826635
-58832.00390400001 0.0003050337265107547
-63984.670895999996 0.00022921795138938376
-69137.33788800001 0.00016946544766690603
-74290.00488 0.0001224073584471737
-79442.671872 6.305632724447174e-5
-84595.33886399999 2.8748471046534965e-5
-89748.005856 1.5333405830967146e-5
-94900.67284799999 2.4135030534022574e-5
-100053.33984 -3.9306124245863e-6
-105206.00683200001 -2.495657911893725e-6

