288671.1315366571 4.80776305393781e-7
283508.4370194267 1.2675013898559393e-5
278345.92014049226 1.292235386109929e-5
273183.58089073404 1.0422514504406244e-5
268021.4192609658 1.3605472993245915e-5
262859.4352420677 1.879961161810851e-5
257697.62882478695 4.7302274929784134e-5
252536.00000000387 0.00011954552600650766
247374.54875859868 0.00023406576672821118
242213.2750913186 0.0003009341691466484
237052.1789890438 0.00035607476112997795
231891.26044265463 0.00038050614975232704
226730.5194429648 0.0003765795867282993
221569.95598078804 0.00038608235164473497
216409.57004693802 0.0003877422022090547
211249.36163222848 0.000365140825935942
206089.33072767282 0.00036476711269636325
200929.4773239516 0.0003674775669274119
195769.8014118786 0.00034163765410290947
190610.30298246717 0.000326294770303006
185450.98202646448 0.0003103001990086237
180291.83853468427 0.00029784203760013734
175132.87249800676 0.0002947908194309825
169974.08390711257 0.00027882336849020513
164815.47275314823 0.00029015335576555045
159657.03902692746 0.00030828076567334544
154498.78271893115 0.00030427459572326807
149340.7038203724 0.00030059812755143465
144182.80232206493 0.00027898013655245897
139025.07821462274 0.0002637017787279778
133867.53148919242 0.000275193973821589
128710.16213638792 0.0002494708107088817
123552.97014715613 0.00023748519499352497
118395.95551244386 0.00020516589864415558
113239.11822286517 0.00019536917117939147
108082.45826936688 0.00021070429413616414
102925.9756429624 0.00021177473621861742
97769.67033439889 0.00021695092842768978
92613.54233442349 0.0002305362855840435
87457.59163398303 0.00024569973230122307
82301.81822402439 0.0002585278271075074
77146.22209522812 0.0002728112945181703
71990.80323860767 0.0002851210935082253
66835.56164484358 0.00031357236581444707
61680.49730494927 0.00031765949819505425
56525.61020973847 0.0003316118800911809
51370.900350091455 0.0003462185509513215
46216.36771682194 0.0003639113766509331
41062.012300810195 0.000365380897873766
35907.83409286994 0.00037875159441586503
30753.833083881455 0.00037158921650854755
25600.009264858156 0.0003391179770484201
20446.362626347483 0.00025874331919926953
15292.893159562553 0.00014951261788705462
10139.600855183948 5.456771759144385e-5
4986.485704025376 -3.391502064867269e-5
-166.45230289974418 -1.399505140346332e-5
-5319.213174877553 4.345423911928303e-6
-10471.796920994484 -5.7965270907498445e-6
-15624.203550203842 2.7858438814731127e-6
-20776.433071891614 -1.2735999837689098e-5

