1416301319.1275 1.7887565513835775e-5
1416325733.19 3.3213524111095786e-5
1416350147.2525 6.538462294636559e-5
1416374561.315 6.633145387546006e-5
1416398975.3775 8.262828587401508e-5
1416423389.44 0.00015327152079619468
1416447803.5025 0.0003184257768483095
1416472217.565 0.0004897504506457805
1416496631.6275 0.000681254263776754
1416521045.69 0.0008800112645149158
1416545459.7525 0.0009630510031870218
1416569873.815 0.000954850596125284
1416594287.8775 0.0008739997167343478
1416618701.94 0.0007803926601074258
1416643116.0025 0.0007526183770835537
1416667530.065 0.0007390055302192721
1416691944.1275 0.0007015281977034089
1416716358.19 0.0006801141546745489
1416740772.2525 0.0006658259145777729
1416765186.315 0.00067173908252341
1416789600.3775 0.0006823670538581718
1416814014.44 0.0006857215599792544
1416838428.5025 0.0006435907148496391
1416862842.565 0.0006189143958225357
1416887256.6275 0.0005966391227940726
1416911670.69 0.0005068650565017481
1416936084.7525 0.0005599908816823518
1416960498.815 0.000553526715513031
1416984912.8775 0.0005587309877834245
1417009326.94 0.0005123347257716472
1417033741.0025 0.0005542038372630527
1417058155.065 0.0006097746791847824
1417082569.1275 0.0005876231832973891
1417106983.19 0.0005520725944551121
1417131397.2525 0.0006211154478963034
1417155811.315 0.0005889591641967407
1417180225.3775 0.0005559721050639463
1417204639.44 0.0005770829084919336
1417229053.5025 0.0005474831886738864
1417253467.565 0.0005763812857040434
1417277881.6275 0.0005349017538952379
1417302295.69 0.0005399262601857071
1417326709.7525 0.0005448320320508897
1417351123.815 0.0005709780448860589
1417375537.8775 0.0005553145092395845
1417399951.94 0.0005563722598328595
1417424366.0025 0.0005633869449848655
1417448780.065 0.0005365831233564428
1417473194.1275 0.0005650421265764453
1417497608.19 0.0006064541303745174
1417522022.2525 0.0006087255052465983
1417546436.315 0.0006479762101240637
1417570850.3775 0.0006290890632765366
1417595264.44 0.000639836568056191
1417619678.5025 0.0006425992850700895
1417644092.565 0.0006605709892270998
1417668506.6275 0.0006557540986878145
1417692920.69 0.0006806677987881383
1417717334.7525 0.0006908079747421646
1417741748.815 0.000734152950856121
1417766162.8775 0.0008322401042005369
1417790576.94 0.0008757867574456482
1417814991.0025 0.0009008903105422395
1417839405.065 0.0008091699979877031
1417863819.1275 0.0006487433629457063
1417888233.19 0.0004393604782920761
1417912647.2525 0.00022819160287962476
1417937061.315 0.00013238955313770178
1417961475.3775 5.7305020753393274e-5
1417985889.44 4.3369155415439616e-5
1418010303.5025 6.994797261817319e-5
1418034717.565 3.921067902539455e-5

