1085007.3839781494 6.532091112474653e-6
1079817.0515082541 -2.263253610619083e-5
1074626.8981085175 -1.5776477810430178e-5
1069436.9237696198 5.590537939334972e-6
1064247.128482375 -8.798039009109297e-6
1059057.5122374636 5.410636378436634e-5
1053868.075025699 4.556490108173821e-5
1048678.816837696 8.043853387098584e-5
1043489.7376642675 0.0001342784009358044
1038300.8374962276 0.00027938750797617043
1033112.1163240571 0.0004284805642565304
1027923.5741387028 0.0006436130953695025
1022735.210930912 0.0008952478142277014
1017547.0266913652 0.0010701390597123576
1012359.0214108095 0.0010590688550490026
1007171.1950799254 0.0010348173195792961
1001983.5476895268 0.0009957682052808598
996796.0792303607 0.0009233425935287761
991608.7896931744 0.0008785833520512055
986421.6790686484 0.0008142863035436961
981234.7473475297 0.000771617004314069
976047.9945206988 0.0007059048509968323
970861.4205787696 0.0006963025087536507
965675.0255124893 0.00068516476709078
960488.809312605 0.0006868321899494648
955302.771969997 0.0006882053739104257
950116.9134752126 0.0006768007190283993
944931.233819199 0.0007151517388351973
939745.7329925699 0.0007234676323759236
934560.4109860726 0.0007194636913403853
929375.2677904541 0.000679090190853878
924190.3033965282 0.0006979110195176822
919005.5177950421 0.0007440218527780475
913820.9109767429 0.0007488604420576382
908636.4829323777 0.000808975379861288
903452.2336526937 0.0007989568054225108
898268.1631283715 0.0008233286568185519
893084.2713502912 0.0008668225743111508
887900.5583091336 0.0008170849088741126
882717.0239956458 0.0008495419942349134
877533.6684007081 0.0008806918364067055
872350.4915149343 0.0009187647014445553
867167.4933291384 0.0008882414107910674
861984.6738340674 0.0009225981952391923
856802.033020535 0.0009409557074227185
851619.5708792218 0.0009852757840950069
846437.2874009415 0.0009815115713996056
841255.1825763081 0.0010090516232642039
836073.2563962686 0.000985184441741978
830891.50885157 0.0010143939609926253
825709.9399329594 0.0010076458485303653
820528.5496311175 0.0010284289507457192
815347.3379368578 0.001031019877557971
810166.3048409278 0.001072405743311411
804985.450334141 0.0010541610352113686
799804.7744072445 0.0010508731321189606
794624.2770509855 0.0010416540833323284
789443.9582561777 0.0010398097280502239
784263.8180135018 0.0010666299784815663
779083.8563138379 0.0010356507751866774
773904.0731478002 0.0010302840898702447
768724.4685063354 0.0010376153881996478
763545.0423801906 0.0010663404955749767
758365.7947600465 0.0010864222958464648
753186.7256367168 0.0010512963621190907
748007.835000882 0.0011057916625988394
742829.1228434225 0.0010754307910779714
737650.589155152 0.0010093634098080988
732472.2339267508 0.000988604290253378
727294.0571490331 0.000983906193737788
722116.0588127456 0.0009726549035978603
716938.2389087023 0.0009477409721675423
711760.5974277834 0.0009246863797955045
706583.1343604696 0.0008969074035341472
701405.8496978412 0.0008957399912358332
696228.7434304454 0.0008730644847446755
691051.8155492292 0.0008623780198510748
685875.0660449396 0.0009030784925806602
680698.4949083239 0.0008749804988829144
675522.1021301956 0.0008792146618419565
670345.8877012355 0.0009063254641181248
665169.8516123903 0.0009320278010127356
659993.9938543406 0.0009681762096842082
654818.3144179003 0.000938263368307891
649642.8132937497 0.0009547624312113588
644467.4904728358 0.0009642635014408909
639292.3459458392 0.0009642115939712143
634117.3797036401 0.0009902145159236381
628942.5917369191 0.0009729955639589011
623767.9820365566 0.0010084696551558878
618593.5505932994 0.001042276364722215
613419.2973978285 0.0010738619241855937
608245.2224411571 0.0011365127281122765
603071.3257138992 0.0011193272397493023
597897.6072069352 0.0009982974015228295
592724.0669109456 0.0008564073939511002
587550.7048169437 0.0006570155078647542
582377.5209154771 0.00042857758615343436
577204.5151975591 0.00029182622292206
572031.6876537374 0.0002098775658323718
566859.0382750251 0.00012694567017420007
561686.567052103 4.52134793602304e-5
556514.2739757847 2.857238810803096e-5
551342.1590368839 7.049084549958686e-5
546170.2222262144 7.782641092145366e-6
540998.4635345232 2.9589532989424376e-5
535826.8829526241 3.204937117148783e-5
530655.4804713308 1.703718043917472e-5
525484.2560815237 2.1856510683530378e-5

