682554.2256492218 -2.4198001684254624e-6
679966.2043910633 1.2919371830394524e-5
677378.2277142889 -1.8323047095355797e-5
674790.2956176338 9.44933898406031e-6
672202.4081000998 2.808343871322452e-5
669614.5651605548 2.9600067409067577e-5
667026.766797801 3.039621688183422e-5
664439.01301064 6.908412428097705e-5
661851.3037979401 9.60767709806181e-5
659263.6391586364 0.00011274885778088542
656676.0190913975 0.00015756198913439198
654088.4435952913 0.00019599476374398093
651500.9126689201 0.00025689420106083917
648913.4263113518 0.00030182256916436634
646325.9845213217 0.00034163338220449135
643738.5872977647 0.0003709414536560414
641151.234639416 0.00039531096986305327
638563.9265451441 0.00037809113169285773
635976.6630139502 0.0003955045291869452
633389.4440445032 0.0003919329296482411
630802.269635738 0.00037067086419245325
628215.1397863897 0.000366010119935671
625628.0544953933 0.000367545226237953
623041.0137616837 0.0003933953685728116
620454.0175840628 0.0003848387642662998
617867.0659612657 0.00038665875968682463
615280.1588922938 0.00037347342332592746
612693.296375816 0.00037096393766346367
610106.4784109002 0.00037789227228611245
607519.7049961485 0.0003674044895125124
604932.9761306955 0.00036353152419689753
602346.2918131434 0.00037120209335269596
599759.6520424271 0.0003913793937887919
597173.0568174148 0.0003967399688063983
594586.5061370416 0.00039327854851542476
591999.999999976 0.0003929151104975008
589413.5384051531 0.0003805902767801102
586827.1213514411 0.0004097035877470777
584240.7488377085 0.00040521598438125257
581654.4208626904 0.00040344527980544585
579068.1374253217 0.00040849194673621625
576481.898524471 0.0004038482014915055
573895.7041589398 0.00041259307339354135
571309.5543275966 0.00039967576423764257
568723.4490293761 0.0003991922336793268
566137.3882629473 0.00040380451537618895
563551.3720273116 0.00042551874544751123
560965.4003212706 0.0004057344778127267
558379.4731436262 0.00038785143627870255
555793.5904933134 0.0003956723611564235
553207.7523690674 0.0003998680890670307
550621.9587698895 0.0003980680288390938
548036.2096945818 0.0003930715637377917
545450.5051418127 0.00036813623596085115
542864.8451107169 0.0003697165134587506
540279.2295999632 0.0003747353810901076
537693.6586084196 0.0003164159253990558
535108.1321350214 0.0002633190425530368
532522.6501785702 0.00021515784812439979
529937.2127378678 0.0001759396447641705
527351.8198117161 0.00014209893613934273
524766.4713991829 0.00013435531696058295
522181.16749900376 0.00011754452944797533
519595.90810991364 6.4652829855786e-5
517010.6932309807 3.600088620231243e-5
514425.52286087367 5.7970072390529296e-5
511840.3969985273 2.7019693472587947e-5
509255.3156427435 1.6264060185551e-5
506670.27879239054 2.843368239801843e-5
504085.2864464035 3.725138179772441e-5
501500.3386035174 2.1879179921261255e-5
498915.4352626007 4.479858562700195e-6

