958121.1441854532 1.3891386581575077e-5
952935.3495792988 8.986569164545101e-7
947749.7338057241 -2.056458625452078e-5
942564.2968554765 9.004791531372078e-6
937379.0387193694 3.1544274558664244e-5
932193.9593879507 4.826889370269315e-5
927009.0588522333 4.536733701763473e-5
921824.3371028317 2.3825439883734435e-5
916639.7941305592 2.0106122548121577e-5
911455.4299260966 5.290229822976239e-5
906271.2444802575 7.21363530541407e-5
901087.2377837892 8.882453370439706e-5
895903.4098274386 0.00012630327496138903
890719.7606019531 0.00013623764246799627
885536.2900980131 0.00020161297992119125
880352.9983064991 0.00021624518678594728
875169.8852180914 0.0002392641578152818
869986.9508236705 0.00028141726929079095
864804.1951138503 0.00024239517023738328
859621.6180795111 0.0002508267834581766
854439.2197112669 0.00024019681318893712
849256.9999999314 0.0002399072746835405
844074.9589363184 0.00023006837004294734
838893.0965112415 0.0002043693484143665
833711.4127153148 0.00020787825762363902
828529.9075394185 0.00020825309462492976
823348.5809742998 0.00022308698967372058
818167.4330106394 0.00017641515435877421
812986.4636392507 0.0001926000167263776
807805.6728509477 0.00020980380361848707
802625.0606364774 0.0002176750757811871
797444.6269865205 0.00018134696973539472
792264.3718920236 0.00018130159726812575
787084.2953435344 0.00017860886577861438
781904.3973319997 0.00019503863535981226
776724.6778480334 0.00020398648652606837
771545.136882649 0.0001724519015729997
766365.7744263939 0.000171193866063465
761186.5904700819 0.00020674701560044988
756007.5850045267 0.00022555569701903424
750828.7580205419 0.00015692652261941993
745650.1095088747 0.00018205862067548472
740471.6394601391 0.00016890031085980295
735293.3478653486 0.0001797188003409148
730115.234715117 0.00016933568574144616
724937.3000002584 0.00017293341157695669
719759.5437116526 0.00016688116873611077
714581.965839914 0.00020161546618186445
709404.5663759892 0.0001980919634059607
704227.345310559 0.00021033378178543353
699050.3026343704 0.00021441084796830606
693873.438338237 0.00017521627141151136
688696.7524129063 0.00019103684530920518
683520.2448493247 0.00020035834168715162
678343.9156381065 0.00016517583018523286
673167.7647700654 0.0001806356897524297
667991.7922359486 0.0002013740051304638
662815.9980267027 0.0002068470844652294
657640.3821328754 0.0001610598423038029
652464.9445454798 0.00019542298372204466
647289.6852551303 0.00018703811655720613
642114.6042527736 0.00017884305394381603
636939.7015290901 0.0001705662659636861
631764.9770748272 0.00019598082855530835
626590.4308807984 0.00017721493734499627
621416.0629378841 0.00018780333140001225
616241.8732367649 0.0002054563800175547
611067.861768321 0.00020321705671898016
605894.0285232996 0.00021898333477340495
600720.3734925144 0.0002065847328995671
595546.896666646 0.00017212391858969093
590373.5980367077 0.00018531990998976936
585200.4775932471 0.00016243289301207345
580027.5353272776 0.00018557946120918768
574854.7712293465 0.00018609898942983962
569682.1852905339 0.00018678015746678085
564509.7775015204 0.00021693973628431182
559337.5478529199 0.00015990922033538163
554165.4963358125 0.00012912138738217205
548993.6229408121 0.00012799270220569147
543821.9276587991 8.578864903720621e-5
538650.410480587 8.094829081725748e-5
533479.0713967901 4.2387027203093937e-5
528307.9103985549 3.7310725636030654e-5
523136.927476362 4.9755401622276994e-5
517966.1226211585 2.0136418828068037e-5
512795.4958237581 4.570524430038472e-5
507625.0470749078 1.6889709991962664e-6
502454.7763654214 1.4857742610657875e-5
497284.6836861127 2.591172590823171e-5
492114.7690278619 -2.6553386402855572e-5
486945.03238128294 -4.307165276428273e-6

