189549.87217278042 0.00014733956721355615
186970.16221287684 0.0001640510512968891
184390.49662127552 0.00019396729016079667
181810.87539677825 0.00022126202362308307
179231.29853838653 0.00025650334521721554
176651.76604483556 0.00031189450889761725
174072.2779149937 0.00036445008722266344
171492.83414772933 0.00041355780663778255
168913.4347418442 0.000483968530618782
166334.07969633982 0.0005334246512194607
163754.76900988485 0.0005291079960857493
161175.50268154737 0.0005723593368149093
158596.28070999598 0.0005703637173516463
156017.10309423218 0.0005563334329346626
153437.9698328581 0.0005553461878823949
150858.8809250749 0.0005375675508136106
148279.83636948466 0.0005010775463387806
145700.83616515546 0.0005290951537064228
143121.8803106894 0.0004924407163726898
140542.9688051545 0.00048105041245751965
137964.10164721942 0.0004734831620660678
135385.27883595222 0.00044519010904501806
132806.50037008815 0.00044224733627353684
130227.76624849552 0.000457661933019953
127649.07646997616 0.0004243158710916694
125070.43103353155 0.0004007271002949066
122491.82993783033 0.0003904304559739974
119913.273181874 0.0003535255416352763
117334.76076446434 0.0003570044982772103
114756.2926845363 0.0003292573484764776
112177.86894075849 0.00031983935151421643
109599.489532199 0.00030280869486348257
107021.15445765962 0.000318740337872592
104442.86371587554 0.0003373328342307593
101864.61730578174 0.0003466123653855824
99286.41522617995 0.00033164078356911515
96708.25747613824 0.0003338245212489433
94130.14405425874 0.0003084065467717576
91552.07495960945 0.0003368545429979081
88974.05019079249 0.00033453808112231405
86396.06974687592 0.0003278026257418034
83818.13362659495 0.00032551251542435334
81240.24182895107 0.0003081509605639674
78662.3943526795 0.0003070013300622086
76084.5911966486 0.00030200564052837464
73506.83235972673 0.0002956287710039649
70929.11784084882 0.0002819672247517511
68351.44763875006 0.0002829983276946901
65773.8217523654 0.0002814864273066588
63196.24018049663 0.0002845808312550051
60618.702922078664 0.0002820682881590098
58041.20997591329 0.0002698497505632089
55463.761340802295 0.00028507798336929534
52886.35701574718 0.00028860838173221445
50308.996999483155 0.0002860732700711794
47731.68129094515 0.00028474069461374696
45154.40988893495 0.00028189951848540246
42577.182792254345 0.0002641626167791935
39999.9999999714 0.0002636531308102825
37422.86151082132 0.0002622618272870628
34845.76732353934 0.00026239517306962933
32268.717437126947 0.0002845317543678497
29691.711850452495 0.0002928408227918324
27114.750562317775 0.0002679774661621203
24537.833571524574 0.0002769794676192022
21960.960877074383 0.00028095090236853577
19384.13247776899 0.0002822008133916518
16807.34837241019 0.0002867833679599534
14230.608559866327 0.00026671847469581395
11653.913039072333 0.00030491501416173434
9077.261808763426 0.00030058080995329687
6500.654867941097 0.0003119708769962315
3924.0922153405686 0.0004004808792835033
1347.573849896763 0.0002902494174483208
-1228.9002295552473 -5.5729261961500534e-5
-3805.3300241138227 -0.0002615063117710482
-6381.715535043742 0.0001904506033017043
-8958.056763343515 0.00031605918927683237
-11534.35371027792 0.000322081087024243
-14110.606376878748 0.0003106325439603118
-16686.81476441078 0.00029078776583196233
-19262.978873839245 0.00028247683626926747
-21839.098706495482 0.0002645462947687873
-24415.174263378005 0.0002860424441948517
-26991.20554571831 0.00030442146797263875
-29567.192554648038 0.0003007592147338394
-32143.135291232265 0.00028791003897568287
-34719.03375673577 0.0002851995000598566
-37294.88795215707 0.00030167837497538087
-39870.69787876093 0.0002755851850603938
-42446.46353761244 0.00028095009586666034
-45022.18492987652 0.00032205332836560764
-47597.86205668482 0.00031462913155979943
-50173.49491923554 0.00029289933600211676
-52749.083518627056 0.00032059049018552557
-55324.627855991 0.0003727657902096231
-57900.127932459014 0.0004074122736369748
-60475.58374919604 0.00037888700286853956
-63050.99530726715 0.00036672520224294975
-65626.36260800368 0.00036358659811784323
-68201.68565233758 0.00034712262715161737
-70776.96444150034 0.00037760263168670966
-73352.19897665689 0.0003376420889865646
-75927.38925893889 0.0003387971578511474
-78502.53528941139 0.000336485644481387
-81077.63706933918 0.000347584870174439
-83652.69459968749 0.00037008028030196817
-86227.70788178766 0.0003372188719023492
-88802.67691667148 0.0003522709701692814
-91377.6017055039 0.00034307114645867307
-93952.48224941654 0.0003504963405711532
-96527.31854960762 0.00037471702072983874
-99102.11060710893 0.00038547018189611396
-101676.85842311868 0.00036657352462322217
-104251.56199886838 0.00037380294649885375
-106826.22133528994 0.00036474738207967216
-109400.83643371474 0.00037630766133866345
-111975.40729520784 0.00039206084566968593
-114549.93392093417 0.0003831586611723318
-117124.41631189224 0.0003889384629270856
-119698.85446947998 0.0003797130697370858
-122273.24839466259 0.00039661103291268733
-124847.59808857171 0.00036140612992442543
-127421.90355243886 0.0003560498045659651
-129996.16478732911 0.00039909739163205746
-132570.38179440738 0.00039772150369185436
-135144.55457483858 0.0003649442587093149
-137718.68312972112 0.0003569811937454632
-140292.76746031974 0.0003625336195779464
-142866.8075674998 0.0003413618650876482
-145440.80345265928 0.0003378011704050507
-148014.7551168299 0.0003214009654236773
-150588.66256120993 0.0003332825128496921
-153162.52578679784 0.00033012449057182833
-155736.34479492498 0.0003330112367946045
-158310.11958662316 0.0003528088496671322
-160883.8501630573 0.0003596334907529845
-163457.53652532576 0.0003360186788445168
-166031.17867459345 0.0003286942935132485
-168604.77661199204 0.00035195907018859793
-171178.33033871974 0.00032536934989421185
-173751.8398558749 0.0003132929555244471
-176325.30516452258 0.0003053164915164693
-178898.7262659609 0.00030746934457322997
-181472.1031611883 0.0003292565880784931
-184045.4358514363 0.00033380122467597796
-186618.72433777002 0.0003377127110600287
-189191.9686213876 0.0003668009621150661
-191765.16870335417 0.00038761165803759344
-194338.32458486792 0.0003764227277907124
-196911.43626709378 0.00041482040797696774
-199484.5037511301 0.0004484170041248792
-202057.52703804197 0.0004927952630519144
-204630.50612909417 0.0004976425889504278
-207203.44102535179 0.0004993808313303348
-209776.3317280463 0.0005455261782523698
-212349.17823820948 0.0005700570023373918
-214921.9805570063 0.0005991213983792236
-217494.73868556836 0.0005799590412300837
-220067.4526251272 0.0005966544565134027
-222640.1223766813 0.0006244219719699166
-225212.74794146215 0.0006229375057138321
-227785.32932053486 0.0006082697365435856
-230357.86651513088 0.0005990267424991183
-232930.35952634862 0.0005754168204862799
-235502.8083552864 0.0005669280973618975
-238075.21300310918 0.0005523135247254441
-240647.57347101514 0.0005439772250773404
-243219.88976000278 0.0004999863512967814
-245792.16187137022 0.0004745378337623805
-248364.3898061492 0.00042726055255092244
-250936.5735655047 0.0003873298960230605
-253508.71315060157 0.00032585954452886884
-256080.80856250497 0.0002784338816566031
-258652.85980247962 0.00023080887350195918
-261224.86687149075 0.0001766167244265572
-263796.82977086975 0.00014308980721380532
-266368.7485016151 0.00010824631618006381

