923101.2109658641 1.7046257814549504e-5
917917.0126451774 1.1134832880845264e-5
912732.993067937 3.097671078444739e-5
907549.1522246236 4.3938119907053306e-5
902365.4901062506 8.074391351195842e-5
897182.0067034323 2.8370345435466758e-5
891998.7020069822 2.0600263790310084e-5
886815.5760076473 0.00010750778642401594
881632.6286961751 0.0001009413327256461
876449.860063379 0.000148627621347317
871267.2700998067 0.00030263298913066843
866084.8587964715 0.0005692855874442202
860902.6261441205 0.0008379856743115288
855720.5721333676 0.001152058583502539
850538.6967550934 0.0014032060918921067
845356.9999999783 0.0014828356449281986
840175.4818587694 0.0013847204759387872
834994.1423224136 0.0013216643868241278
829812.9813814585 0.0012021409819409897
824631.9990268506 0.001162764357519389
819451.1952491376 0.0010897844110172986
814270.5700393328 0.0011037459421624073
809090.1233880504 0.0010386476922715998
803909.8552861038 0.0009953647425740661
798729.7657243069 0.0009934819176794201
793549.8546932739 0.0009232076363318366
788370.1221838847 0.0008957482067890642
783190.5681869532 0.0008621203725510434
778011.1926932266 0.0007597410720037417
772831.9956933854 0.0008228882870655484
767652.9771783764 0.0008236230285578535
762474.1371387473 0.0009459059903966768
757295.475565511 0.0009643354562192663
752116.9924492821 0.0011387959198496196
746938.687780874 0.0011352596341566643
741760.5615511003 0.0010928072055672033
736582.6137506419 0.001166407870515196
731404.8443704455 0.0011637542802700439
726227.2534010584 0.0012070752512122786
721049.8408334942 0.0011755821346757724
715872.6066583669 0.0011388896754480024
710695.5508664901 0.0010919581890400307
705518.6734487441 0.0009541813216495756
700341.9743958762 0.0008713509373443543
695165.4536984337 0.000845770890773418
689989.1113475632 0.0009661070502039129
684812.9473338121 0.0009818341854936996
679636.9616480607 0.0010539425927954304
674461.1542810563 0.001076437523826133
669285.5252235457 0.001112798958981622
664110.074466476 0.0011403385494734963
658934.8020003946 0.0010867539308046577
653759.7078162484 0.0011156500554093739
648584.791904851 0.0011205622840196252
643410.0542568164 0.001103814073299998
638235.4948631582 0.0011111193242227164
633061.1137144902 0.0011343308174185697
627886.9108016263 0.0011544546916918898
622712.886115513 0.0011320528463596659
617539.0396466983 0.0011283935598229101
612365.3713861952 0.0010357202055788603
607191.8813246844 0.0007923316550191133
602018.5694529795 0.0005000047170739823
596845.4357618943 0.00021936111897140407
591672.4802421761 6.469489129555666e-5
586499.7028846383 8.012687379522602e-5
581327.1036800949 5.679816366766698e-5
576154.682619293 -6.174734839010864e-5
570982.4396931792 -5.728969338980767e-6
565810.3748923679 6.198445289728818e-5
560638.4882076724 -3.0626237236203875e-5
555466.7796301064 1.594529389168167e-5

