966573.8778917046 1.8462448849476558e-6
961387.4384717668 1.0115079577439136e-5
956201.1779237501 -2.6613614807776805e-6
951015.0962387345 1.3122403251591394e-5
945829.1934070678 4.178623051215026e-6
940643.4694197633 1.395857689333516e-5
935457.924267435 3.709750974332249e-5
930272.5579408966 4.5560527335430935e-5
925087.3704308955 6.744141421197918e-5
919902.3617281785 0.00012916958163831645
914717.531823493 0.00021525376622670187
909532.880707586 0.0003108318804467687
904348.4083712046 0.0003337857291721849
899164.1148050961 0.00032705827522694635
893980.0000000076 0.0002939964296668092
888796.0639466862 0.000279228107250235
883612.3066360123 0.00022251652377047065
878428.7280585332 0.00022626386818703437
873245.3282051957 0.00018992715170258173
868062.107066614 0.00021493778336742863
862879.0646336017 0.0001638188363103341
857696.2008969726 0.00015900568640858534
852513.5158474072 0.00017832352816724096
847331.0094756525 0.00016200813938185946
842148.6817725891 0.0001393845945397909
836966.5327287642 0.00013648855940922653
831784.5623351914 0.0001362303462950444
826602.7705824845 0.00015778599426366296
821421.1574613908 0.00014519299752127358
816239.7229627905 0.00013814127818423847
811058.4670772312 0.00015017060564787225
805877.3897957926 0.00014436279716331698
800696.4911088893 0.0001457392988355618
795515.7710075346 0.0001290424296376393
790335.2294824754 0.00013150018360972215
785154.8665244593 0.00012679759059469622
779974.6821241 0.00013680192309255113
774794.6762723445 0.00012586880469644062
769614.8489599398 0.00012154036381929338
764435.2001775666 0.0001435258790476639
759255.7299160386 0.0001355490876761006
754076.4381661694 0.0001450520104458035
748897.3249187063 0.00014499747566307247
743718.3901643964 0.00015373650756865564
738539.6338941199 0.00017841283768061403
733361.0560984242 0.00013656056779132444
728182.6567681899 0.00015725449313719146
723004.4358943634 0.00015267643170211823
717826.3934674925 0.0001601512333889849
712648.5294784574 0.00016343749754386201
707470.8439180717 0.0001729649185528049
702293.3367769495 0.0001931898822212856
697116.0080460375 0.0002074192834346553
691938.8577160166 0.0001875929194132894
686761.8857777001 0.00022966024828241188
681585.0922219687 0.00021020196566778687
676408.4770393695 0.0002668491190426531
671232.040220916 0.00023273444349788315
666055.7817572224 0.0002611900169477394
660879.7016391022 0.0003243889956869886
655703.7998575023 0.00033635962980885535
650528.0764029702 0.0003221606484932421
645352.5312664529 0.00024047073280792313
640177.1644386972 0.00012612385343657338
635001.9759103837 0.00010140433547340914
629826.9656725262 6.667982468290751e-5
624652.1337156717 3.538082128354876e-5
619477.4800307673 4.2779525811059276e-5
614303.0046084269 2.2116496025251637e-6
609128.707439664 -5.019704197197495e-6

