489743.7898555727 -2.4276057299265564e-6
484574.10997984867 -8.831213845768464e-6
479404.6081042804 -2.8538940391574185e-6
474235.28421961516 1.4012542181447194e-6
469066.1383166665 4.908564072197411e-6
463897.1703861815 4.050010304515877e-6
458728.3804190407 -8.700139094337439e-6
453559.76840605756 8.567307766218705e-6
448391.3343379794 1.1016825284459235e-5
443223.07820568635 3.964006943756659e-5
438054.99999992567 6.202338341442529e-5
432887.09971157764 6.494480510568373e-5
427719.37733145594 0.0001081498866902477
422551.8328502411 0.0001572401201060436
417384.4662589466 0.0001879476448034852
412217.277548253 0.00020992145130140842
407050.26670890744 0.00024981312818608267
401883.43373192335 0.0002515403793729238
396716.77860804787 0.00024151862801683447
391550.30132802814 0.00024268980225720108
386384.00188267784 0.0002243267160370353
381217.88026294386 0.0002283083182997241
376051.9364595068 0.00021631987943980315
370886.17046324693 0.00019596721258026206
365720.5822649779 0.00020478058895105977
360555.1718555135 0.0002120047664461849
355389.93922566733 0.00021193358065419265
350224.8843663198 0.0002115807457345047
345060.0072682846 0.00021876117092677543
339895.30792230886 0.00017830043714001063
334730.78631927277 0.00018432385924398316
329566.4424499236 0.00017935499558327444
324402.27630520816 0.00017969554837905468
319238.28787587356 0.00019534143135927664
314074.47715280013 0.00018808049958006476
308910.844126735 0.00020472989150001236
303747.38878855837 0.00019095331028443096
298584.11112915067 0.00020927573023651395
293421.0111393255 0.00019932765408417285
288258.0888096969 0.00019751790899225785
283095.34413141146 0.00020408853649967693
277932.77709501656 0.00020360002144237938
272770.3876916588 0.00019882596441894577
267608.17591188557 0.0001936191102034886
262446.1417466438 0.00017797208374315576
257284.28518681368 0.00017442638163134332
252122.60622320898 0.0001437437988905973
246961.10484651025 0.0001771674158638351
241799.7810477975 0.0001930866305278285
236638.6348176847 0.0002004773376783528
231477.66614718531 0.00021770486407621042
226316.87502704645 0.00024025709700603579
221156.26144808184 0.0002525174819084304
215995.82540123834 0.00027369542321443573
210835.5668773296 0.00024995307929945
205675.4858669697 0.00022165860809191312
200515.58236137178 0.00017767129975680836
195355.8563510832 0.00015474010566925592
190196.30782705086 0.00010855161822285898
185036.936780155 6.651315911771684e-5
179877.74320114282 4.929384984906598e-5
174718.7270809611 4.8003563611653985e-5
169559.88841035706 1.322209462099463e-5
164401.22718027752 2.1857074491825412e-5
159242.7433815362 8.78612271712129e-6
154084.43700494675 5.2299955671127905e-6
148926.3080412564 2.506697718607797e-5
143768.35648154508 2.0483225041070085e-6

