603609.9711359458 1.4002486269287307e-5
598436.6723979688 -5.148767420340443e-6
593263.5518418098 1.6027406774734387e-5
588090.609458349 7.940912035151879e-6
582917.8452382004 2.9158963488638124e-5
577745.2591723108 9.126557522943821e-5
572572.8512513608 5.0946811760101334e-5
567400.6214662308 6.422152631789539e-5
562228.569807801 8.237918441042529e-5
557056.6962666855 5.616102367299975e-5
551885.0008337643 3.177606581894119e-5
546713.4834998514 4.325875265629659e-5
541542.1442557605 3.874070010570208e-5
536370.9830922385 6.146318733059868e-5
531200.0000000328 7.745344718910045e-5
526029.1949700902 7.678354276926944e-5
520858.5679931578 5.2793286723412754e-5
515688.11906004924 7.010944655942869e-5
510517.84816151176 0.00011650071868097039
505347.755288359 0.00010359351118818492
500177.84043147136 0.0001282986525663854
495008.10358159593 0.0001298704659838907
489838.54472961294 0.0001539503332275784
484669.16386613646 0.00012791991583495084
479499.96098224644 0.0001132029848916806
474330.9360684903 0.00012432702268495006
469162.0891158816 0.00013126153315986785
463993.4201151673 0.00011846761320510172
458824.929057028 0.00011931258207655206
453656.6159324773 0.00014040318576888404
448488.48073219554 0.00012431943898057798
443320.5234471297 9.738254931883705e-5
438152.7440678938 8.54623149851611e-5
432985.14258536807 0.00011876377171234911
427817.7189904993 9.938456421414464e-5
422650.47327396827 7.884096218903374e-5
417483.4054265885 0.0001227047640127369
412316.5154392403 0.00013696966925088734
407149.8033027375 0.00011883053208672434
401983.2690078936 9.420531597316584e-5
396816.912545456 0.00011462598291399226
391650.7339063048 0.00012040902051363667
386484.7330812538 9.336459472516181e-5
381318.9100611832 0.00010495356650690245
376153.2648367737 0.00010639570910975246
370987.79739890544 9.75434458281311e-5
365822.5077384588 0.00013839437579278094
360657.3958461809 0.00011747841192373862
355492.4617130851 8.613006390373147e-5
350327.7053296524 0.00013200016906285146
345163.12668696267 9.323685783758543e-5
339998.7257757631 0.00012054311360191752
334834.50258693396 9.070849398816393e-5
329670.4571111558 9.008982421927555e-5
324506.5893394421 6.155781637050659e-5
319342.8992624734 6.372645432968216e-5
314179.38687113 6.472178537166876e-5
309016.05215635867 7.322055941435979e-5
303852.89510877355 5.636746314654971e-5
298689.91571938794 5.1887005862455276e-5
293527.1139788825 4.232549437032037e-5
288364.489878204 3.9049404528472614e-5
283202.0434080997 5.804812477674794e-5
278039.77455944975 4.7610013838354934e-5
272877.6833231345 3.735723233841961e-5
267715.7696899677 5.710926285422147e-5
262554.0336506298 3.717545510541372e-5
257392.47519613433 4.329445423174038e-5
252231.09431729495 3.795246804283143e-5
247069.8910047923 8.655248207715719e-6
241908.8652497063 2.7133413349857264e-5
236748.01704265096 2.9640438084001337e-5
231587.34637463972 1.1176647809267484e-5
226426.85323641973 2.738780762996094e-5
221266.53761887125 -8.60745462242254e-6

