724473.1724006436 9.690714529526857e-6
719295.8214512983 1.296394095133188e-5
714118.6488912613 3.5708085942616147e-5
708941.6547112131 7.027861262086444e-5
703764.8389021005 0.00011448799800477081
698588.201454604 0.0001732261108676014
693411.7423594045 0.00027481565432665094
688235.4616075815 0.0003175569326037495
683059.3591896163 0.0003470280617049077
677883.4350964554 0.00034754240599992395
672707.6893188462 0.00033617219007006654
667532.1218476024 0.0003112010069866799
662356.7326734711 0.0002820396104390374
657181.5217871328 0.00022138716926088048
652006.4891796676 0.0002131078639956845
646831.6348415562 0.0002120917627180354
641656.9587637457 0.0001859929621961814
636482.4609370496 0.0001910854320077317
631308.1413521486 0.00019194070438714305
626133.9999999894 0.00019464215959939384
620960.0368711862 0.00020070909668789085
615786.2519566192 0.00022193860362628077
610612.6452471021 0.00026024809399424244
605439.2167333156 0.00025982119113455353
600265.9664062063 0.00025690387803749883
595092.8942564549 0.0002483119298045438
589920.0002749418 0.00025262358189777486
584747.2844524139 0.00023262629517812645
579574.7467796187 0.0002250945128991091
574402.3872474361 0.00022950799182200007
569230.2058466134 0.0002202618850320022
564058.2025680309 0.00019758106464525308
558886.3774024358 0.00019726738048939817
553714.7303405085 0.00018806974172257327
548543.2613731961 0.00015866184405052543
543371.9704913121 0.0001242652224110209
538200.8576856038 0.00011879141308080611
533029.9229468848 0.00013583099223445777
527859.1662659022 0.00011054696304425487
522688.5876335364 0.00011060676420185176
517518.1870404679 0.00010593257031516001
512347.96447771025 9.796514221386906e-5
507177.91993601044 0.00012369547889513438
502008.05340591597 0.00012901785298368245
496838.3648785734 0.000109479749792309
491668.85434459674 0.00012305202251343566
486499.5217948663 0.00011413891980160153
481330.3672201957 0.00011830191744792223
476161.39061133214 0.00014335478829239276
470992.5919591559 0.00014820594333514778
465823.9712544142 0.00015131433247928731
460655.5284879872 0.0001667035395123329
455487.26365055545 0.00018115068994204538
450319.1767331325 0.00020769202045403144
445151.2677263989 0.00023329722448901411
439983.5366211017 0.00022564962152666352
434815.98340818787 0.000230467248283311
429648.6080784045 0.00023929073979715696
424481.41062263184 0.0002468082588296889
419314.3910316836 0.0002658459210074882
414147.54929624044 0.0002839067635192467
408980.88540724915 0.00031305891758002234
403814.3993555234 0.0002860195556008249
398648.091131877 0.0002376959221296735
393481.9607269905 0.00023350773709323802
388316.0081318772 0.00017767854136675453
383150.2333372844 0.0001871231518648889
377984.63633395924 0.00013869079644100003
372819.2171128484 9.38982986239185e-5
367653.9756646992 7.892202113302185e-5
362488.9119803253 5.972444086412839e-5
357324.026050607 7.984238644990528e-5
352159.3178663579 0.00011421465753358905
346994.7874183253 0.0001654816500319313
341830.4346973894 0.000226021849804369
336666.25969443045 0.00030655582792237575
331502.2624001957 0.0003592156934124172
326338.4428055653 0.00039240245272983374
321174.80090128654 0.00038321401989563624
316011.3366782396 0.00036672144951399897
310848.05012730474 0.0003184020359556704
305684.94123922917 0.00022856152449560174
300522.0100048931 0.00015927341612843193
295359.2564150438 8.601254539288754e-5
290196.680460628 3.2053593801806614e-5
285034.28213252604 3.9185707312877924e-5
279872.0614213519 -7.108839082660782e-6

