436574.9331888324 1.4168527045713578e-5
431406.9783398635 1.9628617309996674e-5
426239.20140364737 2.285677723947006e-5
421071.6023710644 2.0392652599002792e-5
415904.181232995 2.08918054065237e-5
410736.9379801862 1.7771253386958998e-5
405569.87260345166 2.6580747868442433e-5
400402.9850936052 2.2926578248792145e-5
395236.2754414605 2.260476593180806e-5
390069.7436378312 2.780341721778368e-5
384903.3896735311 2.063428935374312e-5
379737.2135394405 2.103916203648711e-5
374571.21522630646 3.0983708484093175e-5
369405.39472500933 2.2821001696289384e-5
364239.75202622963 2.747688665917336e-5
359074.2871210474 2.6310325919965794e-5
353909.00000001 3.82547440313066e-5
348743.89065413096 3.4777589469775715e-5
343578.95907409076 3.674463291721685e-5
338414.20525076974 3.3799015952029654e-5
333249.62917504815 3.9361549567980606e-5
328085.2308377397 5.027204822744665e-5
322921.010229525 6.487794688859413e-5
317756.96734141745 8.546936950530697e-5
312593.1021641641 0.0001128862010910314
307429.41468857887 0.0001342621572103515
302265.9049054753 0.00016087345495173329
297102.57280580036 0.0001715858713924339
291939.4183802345 0.00016715891478921707
286776.4416195915 0.00019404310691249318
281613.64251488476 0.00021307685725968395
276451.0210567283 0.0002300784199900414
271288.57723613555 0.00023519006236750483
266126.31104378705 0.00023520563931690627
260964.22247062973 0.00022869079884072407
255802.3115074772 0.00022649258471833802
250640.57814507664 0.00021689321230123194
245479.0223744415 0.00021542857901422812
240317.64418618576 0.00021226311476473054
235156.44357125627 0.00020412925155335876
229995.42052053328 0.00022628510618084665
224834.57502483058 0.00023772583991100093
219673.90707489525 0.0002537154298423354
214513.4166616076 0.00025952258688657253
209353.10377591447 0.00027070261629089
204192.96840842988 0.0002730412373622102
199033.01055030033 0.0002894966821507431
193873.23019213992 0.0003072629609903109
188713.6273248954 0.0003390285554765417
183554.201939314 0.0003498504227827713
178394.95402627595 0.000348913922397599
173235.88357666155 0.00032323650139324796
168076.99058121792 0.0002741539502924034
162918.2750309585 0.00023459464535352157
157759.73691656388 0.0002051253246977946
152601.37622898087 0.00019131465346350314
147443.19295895664 0.00017913074007292173
142285.18709743806 0.0001786956825678374
137127.35863530534 0.00016428177813638877
131969.7075633057 0.00013567569784013364
126812.23387231938 0.0001009482875051346
121654.93755309354 6.357499713046728e-5
116497.81859670814 3.517465594372782e-5
111340.87699384379 2.005398004371198e-5
106184.11273538074 1.236651985342129e-5
101027.5258121993 5.425977480403549e-6
95871.11621517973 8.887732686749306e-6
90714.88393513575 -7.527352439676854e-6
85558.8289628145 -3.266587687653527e-6

