1419487330.98375 4.498285081187672e-6
1419499538.015 2.4901716893653965e-6
1419511745.04625 6.709658543095526e-6
1419523952.0775 1.3316800137930228e-5
1419536159.10875 7.054861934151266e-6
1419548366.14 8.766034645293521e-6
1419560573.17125 1.300252566466343e-5
1419572780.2025 1.4337259163381062e-5
1419584987.23375 2.9621995563322397e-5
1419597194.265 2.0485413323904746e-5
1419609401.29625 3.577911526469725e-5
1419621608.3275 3.573359842901081e-5
1419633815.35875 4.632772421177126e-5
1419646022.39 5.132133223321835e-5
1419658229.42125 5.6226066627753994e-5
1419670436.4525 6.958376189975837e-5
1419682643.48375 6.416267584331493e-5
1419694850.515 5.678576589894557e-5
1419707057.54625 7.412186519156525e-5
1419719264.5775 7.602283719436648e-5
1419731471.60875 5.9351226644993234e-5
1419743678.64 7.016928132033053e-5
1419755885.67125 8.075872613342809e-5
1419768092.7025 9.098060241147311e-5
1419780299.73375 9.288636087877419e-5
1419792506.765 9.930896283552097e-5
1419804713.79625 0.00010209398153711257
1419816920.8275 0.00012159292300055213
1419829127.85875 0.0001197945373318596
1419841334.89 0.00012554722208609644
1419853541.92125 0.00013050855529157958
1419865748.9525 0.00013788468822185042
1419877955.98375 0.00013924400142884284
1419890163.015 0.0001269404608616715
1419902370.04625 0.0001373027534517777
1419914577.0775 0.0001459237799253948
1419926784.10875 0.00014478374525751726
1419938991.14 0.0001486412419480305
1419951198.17125 0.00014771620418996582
1419963405.2025 0.00013958470240216177
1419975612.23375 0.00013804307594867283
1419987819.265 0.00015546309996233618
1420000026.29625 0.00015492807853830876
1420012233.3275 0.00014016627374129122
1420024440.35875 0.0001414574896602772
1420036647.39 0.00015691139644840655
1420048854.42125 0.00014635808391219178
1420061061.4525 0.0001465471125035192
1420073268.48375 0.00014119293544832988
1420085475.515 0.00014247339607370812
1420097682.54625 0.00014367899012832682
1420109889.5775 0.00013899130382215774
1420122096.60875 0.00014117022684353685
1420134303.64 0.0001380527251267002
1420146510.67125 0.00012544695456029583
1420158717.7025 0.00012476130377824505
1420170924.73375 3.003642184200522e-5
1420183131.765 3.462481234902693e-5
1420195338.79625 0.00012405559234422868
1420207545.8275 0.00011765157620691271
1420219752.85875 0.00011826895391950052
1420231959.89 0.0001227969337199462
1420244166.92125 0.00012823215993477968
1420256373.9525 0.0001185364150318513
1420268580.98375 0.00011347023878603798
1420280788.015 0.0001095372306789262
1420292995.04625 0.0001005297150376324
1420305202.0775 9.889418882890089e-5
1420317409.10875 0.00010028950155059962
1420329616.14 9.638343061726539e-5
1420341823.17125 9.138796640287535e-5
1420354030.2025 9.88396443144362e-5
1420366237.23375 0.000101491053706133
1420378444.265 0.00010954144736356935
1420390651.29625 0.0001064228799341416
1420402858.3275 9.200526233536319e-5
1420415065.35875 0.00010991588007341893
1420427272.39 8.462014631743014e-5
1420439479.42125 9.603437359709344e-5
1420451686.4525 2.3564651020513096e-5
1420463893.48375 -1.3770515685081126e-5
1420476100.515 9.00413451289343e-5
1420488307.54625 1.9418125178563386e-5
1420500514.5775 0.00012557069406652588
1420512721.60875 9.403912432048134e-5
1420524928.64 3.27683769232754e-5
1420537135.67125 2.2518504638946296e-5
1420549342.7025 4.533401445915869e-5
1420561549.73375 6.697925000131686e-5
1420573756.765 9.409702954850774e-5
1420585963.79625 0.00011515195020198264
1420598170.8275 9.882899945654268e-5
1420610377.85875 9.566665526445338e-5
1420622584.89 6.091080467288025e-5
1420634791.92125 7.427502814088271e-5
1420646998.9525 8.688362168061266e-5
1420659205.98375 0.00010846033606980098
1420671413.015 0.00010013738088036858
1420683620.04625 0.00013098596568756956
1420695827.0775 0.00014895240146151843
1420708034.10875 0.0001253739683792159
1420720241.14 0.00010165160975810572
1420732448.17125 9.324073370882503e-5
1420744655.2025 7.943163826707482e-5
1420756862.23375 8.992306427980077e-5
1420769069.265 7.665893000412584e-5
1420781276.29625 5.349390659144612e-5
1420793483.3275 4.5887464034676064e-5
1420805690.35875 3.799279629633195e-5
1420817897.39 3.409917694711952e-5
1420830104.42125 2.473401140540161e-5
1420842311.4525 1.5614834194786524e-5
1420854518.48375 7.975305664916994e-6
1420866725.515 4.208542884583491e-6
1420878932.54625 1.009635262106237e-5

