1132195.1964852556 5.211781817836295e-6
1127003.2346823579 -1.1429456140121715e-5
1121811.452034159 8.96360707454567e-6
1116619.8485309407 9.077968042621947e-6
1111428.4241638486 1.1996750444927371e-5
1106237.178923298 -4.892845476963458e-6
1101046.112800235 -1.1931961279256743e-5
1095855.2257853402 4.931128015524441e-6
1090664.5178692946 1.5113233470403195e-5
1085473.9890428453 2.2103518285994246e-5
1080283.6392966728 3.655577633848338e-5
1075093.4686215906 5.56703850243226e-5
1069903.4770084126 7.765312351292738e-5
1064713.6644476196 0.0001077339355646805
1059524.0309301584 0.00013503255809468
1054334.5764466433 0.00020109699673723404
1049145.3009879543 0.000220979951554312
1043956.2045447055 0.00023661332383398428
1038767.287107644 0.00023469198192527328
1033578.548667517 0.0002262577095867654
1028389.9892151383 0.00021188437194986006
1023201.6087411217 0.00020581804980362997
1018013.4072362811 0.0002033252204966769
1012825.384691297 0.00018793514235956077
1007637.5410971161 0.0001823186126112501
1002449.8764440864 0.0001820230905222336
997262.3907233543 0.00018073549331098325
992075.0839254673 0.0001886716728277851
986887.9560411726 0.00018707439203697094
981701.0070612172 0.000189932897766435
976514.2369764149 0.0001950981294602156
971327.6457774463 0.00019171199312392702
966141.2334550584 0.00018728796787330422
960954.999999932 0.00018567809013508805
955768.9454029473 0.00019851274634659968
950583.0696547847 0.00017770344929729046
945397.3727462582 0.0001819599146277729
940211.8546680482 0.00016867825595375628
935026.5154108353 0.00016886420245372768
929841.3549655663 0.00016738635992467521
924656.3733227889 0.0001478714187269533
919471.5704734495 0.00014698325026295795
914286.946408096 0.00015006213832322848
909102.5011176084 0.00014925745713243564
903918.2345927339 0.00015247500966907734
898734.1468241531 0.0001479197090676194
893550.2378026798 0.00017513634313333137
888366.5075191276 0.00015529343822424786
883182.9559641771 0.0001361643541284565
877999.5831285755 0.0001335851952567366
872816.3890030698 0.0001364320508274471
867633.3735784738 0.00012146207384888097
862450.5368454682 0.00010488763504565385
857267.8787949997 0.00010521760890361953
852085.3994175491 0.00011035664410017638
846903.09870413 0.00011027928702303452
841720.9766453564 0.00011485747998898977
836539.0332319754 0.00011102524027903987
831357.2684548006 9.287383482230058e-5
826175.6823047125 8.727327262590251e-5
820994.2747722584 8.887061449643131e-5
815813.0458483185 9.745253309139153e-5
810631.9955236401 0.00010882730466453322
805451.1237889703 0.00010723468878649175
800270.4306351227 0.0001040142145583271
795089.9160528447 0.00010967839189002044
789909.5800328832 0.00010904988418089627
784729.4225660521 0.00010084874797642568
779549.4436429653 0.00012060360889363333
774369.6432547027 0.00011673662012173314
769190.0213916788 0.00011605648867893194
764010.5780449735 0.00010652190147362907
758831.3132050677 0.00011657498420396813
753652.2268630413 0.0001228291214794446
748473.3190093752 0.00011431201351278648
743294.5896350163 0.00012617163546182973
738116.0387307118 0.00012721363874170467
732937.6662871421 0.00012585396174651404
727759.4722952542 0.0001149274433902893
722581.4567457286 0.00013527973259132504
717403.619629246 0.00014489829361220185
712225.9609368196 0.00013078646115223695
707048.480658997 0.00013531947281331615
701871.1787866584 0.0001533485711417004
696694.0553105511 0.00013858851841296754
691517.1102215551 0.00013865921132588213
686340.3435102848 0.00014362292695514783
681163.7551676866 0.00014482913132942877
675987.3451844414 0.00014244656137849814
670811.1135512963 0.00015547243589096688
665635.0602591316 0.00016239382696323494
660459.1852986942 0.00015124084311902083
655283.4886607316 0.00016093043221035314
650107.9703360571 0.00015577811181907768
644932.6303154848 0.00018069969573170915
639757.4685898283 0.000174805206987202
634582.4851497015 0.00016567691562958112
629407.679986118 0.00017825625007938595
624233.0530896916 0.00017557301251298953
619058.6044513691 0.00017464287772111172
613884.3340617649 0.00016539741832574746
608710.2419116924 0.0001895812078657688
603536.3279921651 0.00018315437090117773
598362.5922936638 0.00019472212573986861
593189.0348072019 0.00021908786485095352
588015.6555234602 0.0002140306975169191
582842.4544332522 0.00020900638718493437
577669.4315274584 0.000185014515559368
572496.586796759 0.00015635945092102842
567323.920231968 0.00013385083600044563
562151.4318239657 9.940744194593481e-5
556979.1215634326 7.87799189875812e-5
551806.9894412489 4.620433386083817e-5
546635.0354482284 2.4668370403924426e-5
541463.2595749851 9.445505926035927e-6
536291.661812599 4.985055594860603e-6

